32762 0 -28572 16032 17072 -27963 -1206 32740 
-14969 -29142 27315 18090 -32673 -2410 29673 -13886 
-19083 26630 3610 -32562 12785 30164 -25910 -20050 
32407 4807 -30614 11666 20990 -25154 -5996 32208 
-10530 -31023 24365 21902 -31966 -7178 31390 -9381 
-22784 23542 8350 -31679 8220 31713 -22687 -23635 
31351 9509 -31994 7049 24453 -21803 -10657 30980 
-5866 -32232 20888 25239 -30566 -11790 32426 -4675 
-25991 19945 12907 -30113 3479 32577 -18975 -26708 
29617 14007 -32682 2277 27388 -17979 -15087 29081 
-1072 -32744 16958 28031 -28506 -16148 32761 134 
-28637 15914 17186 -27892 -1339 32734 -14850 -29203 
27240 18202 -32663 -2544 29730 -13765 -19192 26552 
3745 -32547 12661 30216 -25828 -20156 32387 4940 
-30662 11540 21093 -25069 -6128 32184 -10404 -31066 
24275 22002 -31936 -7309 31428 -9254 -22880 23449 
8478 -31646 8092 31747 -22592 -23727 31313 9638 
-32024 6918 24542 -21703 -10783 30937 -5734 -32256 
20785 25324 -30519 -11914 32445 -4544 -26072 19839 
13030 -30059 3346 32590 -18866 -26784 29559 14127 
-32692 2143 27462 -17867 -15206 29019 -938 -32749 
16843 28101 -28440 -16265 32761 268 -28702 15797 
17300 -27822 -1472 32729 -14732 -29264 27167 18312 
-32653 -2676 29786 -13644 -19299 26474 3876 -32532 
12538 30268 -25746 -20261 32368 5071 -30709 11416 
21195 -24983 -6259 32159 -10278 -31108 24185 22100 
-31906 -7439 31465 -9126 -22975 23356 8608 -31611 
7961 31780 -22494 -23819 31272 9765 -32051 6786 
24631 -21602 -10910 30892 -5602 -32280 20681 25410 
-30469 -12040 32464 -4410 -26153 19731 13153 -30005 
3212 32605 -18756 -26863 29502 14249 -32701 2010 
27535 -17754 -15325 28957 -805 -32753 16729 28170 
-28372 -16381 32759 402 -28766 15680 17414 -27750 
-1608 32722 -14610 -29323 27090 18423 -32641 -2811 
29841 -13521 -19408 26394 4009 -32515 12414 30319 
-25662 -20366 32345 5204 -30755 11290 21297 -24895 
-6392 32132 -10150 -31150 24094 22199 -31875 -7570 
31502 -8996 -23071 23260 8738 -31575 7830 31812 
-22396 -23912 31232 9894 -32079 6655 24720 -21500 
-11037 30847 -5469 -32302 20576 25494 -30419 -12165 
32482 -4277 -26235 19625 13276 -29952 3078 32618 
-18645 -26939 29443 14370 -32708 1876 27607 -17641 
-15444 28893 -670 -32755 16613 28238 -28305 -16497 
32758 536 -28830 15562 17527 -27679 -1742 32715 
-14490 -29383 27015 18534 -32629 -2944 29897 -13399 
-19516 26315 4143 -32498 12290 30369 -25578 -20471 
32324 5337 -30801 11164 21399 -24808 -6523 32106 
-10022 -31191 24003 22297 -31844 -7700 31539 -8867 
-23167 23167 8867 -31540 7701 31845 -22298 -24004 
31192 10022 -32106 6523 24808 -21400 -11163 30802 
-5338 -32324 20473 25578 -30370 -12288 32499 -4144 
-26314 19517 13398 -29897 2946 32629 -18535 -27014 
29383 14490 -32716 1742 27679 -17528 -15562 28830 
-536 -32758 16497 28305 -28238 -16612 32755 670 
-28893 15444 17640 -27608 -1874 32708 -14370 -29442 
26939 18645 -32617 -3077 29951 -13277 -19623 26235 
4276 -32482 12166 30420 -25496 -20575 32303 5468 
-30847 11038 21500 -24720 -6653 32079 -9895 -31232 
23912 22396 -31812 -7830 31575 -8739 -23261 23071 
8996 -31502 7570 31875 -22199 -24094 31150 10149 
-32133 6392 24895 -21298 -11289 30756 -5205 -32347 
20367 25663 -30319 -12414 32516 -4011 -26395 19409 
13521 -29842 2812 32642 -18425 -27091 29324 14610 
-32723 1608 27751 -17415 -15679 28767 -402 -32760 
16381 28372 -28170 -16727 32752 803 -28956 15326 
17753 -27535 -2009 32700 -14250 -29500 26862 18754 
-32604 -3211 30005 -13155 -19730 26155 4409 -32464 
12041 30469 -25410 -20679 32279 5600 -30891 10911 
21602 -24631 -6785 32052 -9767 -31272 23820 22494 
-31780 -7961 31610 -8608 -23355 22976 9125 -31465 
7440 31906 -22101 -24185 31109 10276 -32158 6260 
24982 -21196 -11415 30709 -5073 -32367 20262 25745 
-30268 -12537 32532 -3878 -26473 19301 13643 -29786 
2678 32652 -18313 -27165 29264 14729 -32729 1474 
27821 -17300 -15797 28701 -268 -32760 16264 28439 
-28100 -16843 32748 938 -29018 15207 17866 -27461 
-2143 32692 -14129 -29559 26786 18864 -32591 -3345 
30059 -13031 -19838 26073 4542 -32446 11916 30518 
-25325 -20784 32257 5732 -30936 10785 21702 -24543 
-6916 32024 -9639 -31312 23728 22590 -31747 -8090 
31646 -8479 -23449 22881 9253 -31429 7309 31937 
-22002 -24275 31066 10404 -32184 6129 25069 -21093 
-11539 30663 -4942 -32388 20158 25827 -30218 -12660 
32548 -3746 -26552 19193 13763 -29731 2545 32663 
-18202 -27241 29204 14850 -32735 1340 27893 -17187 
-15915 28638 -134 -32762 16149 28506 -28032 -16958 
32745 1071 -29081 15090 17977 -27390 -2275 32684 
-14009 -29617 26709 18973 -32577 -3476 30112 -12909 
-19944 25992 4673 -32427 11792 30567 -25241 -20887 
32233 5864 -30980 10659 21801 -24455 -7047 31995 
-9510 -31351 23636 22687 -31714 -8219 31680 -8350 
-23542 22784 9382 -31390 7179 31965 -21902 -24364 
31024 10531 -32209 5997 25155 -20992 -11666 30616 
-4807 -32408 20051 25911 -30165 -12785 32563 -3611 
-26630 19084 13886 -29674 2411 32674 -18091 -27315 
29143 14969 -32740 1207 27962 -17073 -16031 28572 
0 -32762 16032 28572 -27963 -17072 32740 1206 
-29142 14969 18090 -27315 -2410 32673 -13886 -29673 
26630 19083 -32562 -3610 30164 -12785 -20050 25910 
4807 -32407 11666 30614 -25154 -20990 32208 5996 
-31023 10530 21902 -24365 -7178 31966 -9381 -31390 
23542 22784 -31679 -8350 31713 -8220 -23635 22687 
9509 -31351 7049 31994 -21803 -24453 30980 10657 
-32232 5866 25239 -20888 -11790 30566 -4675 -32426 
19945 25991 -30113 -12907 32577 -3479 -26708 18975 
14007 -29617 2277 32682 -17979 -27388 29081 15087 
-32744 1072 28031 -16958 -16148 28506 134 -32761 
15914 28637 -27892 -17186 32734 1339 -29203 14850 
18202 -27240 -2544 32663 -13765 -29730 26552 19192 
-32547 -3745 30216 -12661 -20156 25828 4940 -32387 
11540 30662 -25069 -21093 32184 6128 -31066 10404 
22002 -24275 -7309 31936 -9254 -31428 23449 22880 
-31646 -8478 31747 -8092 -23727 22592 9638 -31313 
6918 32024 -21703 -24542 30937 10783 -32256 5734 
25324 -20785 -11914 30519 -4544 -32445 19839 26072 
-30059 -13030 32590 -3346 -26784 18866 14127 -29559 
2143 32692 -17867 -27462 29019 15206 -32749 938 
28101 -16843 -16265 28440 268 -32761 15797 28702 
-27822 -17300 32729 1472 -29264 14732 18312 -27167 
-2676 32653 -13644 -29786 26474 19299 -32532 -3876 
30268 -12538 -20261 25746 5071 -32368 11416 30709 
-24983 -21195 32159 6259 -31108 10278 22100 -24185 
-7439 31906 -9126 -31465 23356 22975 -31611 -8608 
31780 -7961 -23819 22494 9765 -31272 6786 32051 
-21602 -24631 30892 10910 -32280 5602 25410 -20681 
-12040 30469 -4410 -32464 19731 26153 -30005 -13153 
32605 -3212 -26863 18756 14249 -29502 2010 32701 
-17754 -27535 28957 15325 -32753 805 28170 -16729 
-16381 28372 402 -32759 15680 28766 -27750 -17414 
32722 1608 -29323 14610 18423 -27090 -2811 32641 
-13521 -29841 26394 19408 -32515 -4009 30319 -12414 
-20366 25662 5204 -32345 11290 30755 -24895 -21297 
32132 6392 -31150 10150 22199 -24094 -7570 31875 
-8996 -31502 23260 23071 -31575 -8738 31812 -7830 
-23912 22396 9894 -31232 6655 32079 -21500 -24720 
30847 11037 -32302 5469 25494 -20576 -12165 30419 
-4277 -32482 19625 26235 -29952 -13276 32618 -3078 
-26939 18645 14370 -29443 1876 32708 -17641 -27607 
28893 15444 -32755 670 28238 -16613 -16497 28305 
536 -32758 15562 28830 -27679 -17527 32715 1742 
-29383 14490 18534 -27015 -2944 32629 -13399 -29897 
26315 19516 -32498 -4143 30369 -12290 -20471 25578 
5337 -32324 11164 30801 -24808 -21399 32106 6523 
-31191 10022 22297 -24003 -7700 31844 -8867 -31539 
23167 23167 -31540 -8867 31845 -7701 -24004 22298 
10022 -31192 6523 32106 -21400 -24808 30802 11163 
-32324 5338 25578 -20473 -12288 30370 -4144 -32499 
19517 26314 -29897 -13398 32629 -2946 -27014 18535 
14490 -29383 1742 32716 -17528 -27679 28830 15562 
-32758 536 28305 -16497 -16612 28238 670 -32755 
15444 28893 -27608 -17640 32708 1874 -29442 14370 
18645 -26939 -3077 32617 -13277 -29951 26235 19623 
-32482 -4276 30420 -12166 -20575 25496 5468 -32303 
11038 30847 -24720 -21500 32079 6653 -31232 9895 
22396 -23912 -7830 31812 -8739 -31575 23071 23261 
-31502 -8996 31875 -7570 -24094 22199 10149 -31150 
6392 32133 -21298 -24895 30756 11289 -32347 5205 
25663 -20367 -12414 30319 -4011 -32516 19409 26395 
-29842 -13521 32642 -2812 -27091 18425 14610 -29324 
1608 32723 -17415 -27751 28767 15679 -32760 402 
28372 -16381 -16727 28170 803 -32752 15326 28956 
-27535 -17753 32700 2009 -29500 14250 18754 -26862 
-3211 32604 -13155 -30005 26155 19730 -32464 -4409 
30469 -12041 -20679 25410 5600 -32279 10911 30891 
-24631 -21602 32052 6785 -31272 9767 22494 -23820 
-7961 31780 -8608 -31610 22976 23355 -31465 -9125 
31906 -7440 -24185 22101 10276 -31109 6260 32158 
-21196 -24982 30709 11415 -32367 5073 25745 -20262 
-12537 30268 -3878 -32532 19301 26473 -29786 -13643 
32652 -2678 -27165 18313 14729 -29264 1474 32729 
-17300 -27821 28701 15797 -32760 268 28439 -16264 
-16843 28100 938 -32748 15207 29018 -27461 -17866 
32692 2143 -29559 14129 18864 -26786 -3345 32591 
-13031 -30059 26073 19838 -32446 -4542 30518 -11916 
-20784 25325 5732 -32257 10785 30936 -24543 -21702 
32024 6916 -31312 9639 22590 -23728 -8090 31747 
-8479 -31646 22881 23449 -31429 -9253 31937 -7309 
-24275 22002 10404 -31066 6129 32184 -21093 -25069 
30663 11539 -32388 4942 25827 -20158 -12660 30218 
-3746 -32548 19193 26552 -29731 -13763 32663 -2545 
-27241 18202 14850 -29204 1340 32735 -17187 -27893 
28638 15915 -32762 134 28506 -16149 -16958 28032 
1071 -32745 15090 29081 -27390 -17977 32684 2275 
-29617 14009 18973 -26709 -3476 32577 -12909 -30112 
25992 19944 -32427 -4673 30567 -11792 -20887 25241 
5864 -32233 10659 30980 -24455 -21801 31995 7047 
-31351 9510 22687 -23636 -8219 31714 -8350 -31680 
22784 23542 -31390 -9382 31965 -7179 -24364 21902 
10531 -31024 5997 32209 -20992 -25155 30616 11666 
-32408 4807 25911 -20051 -12785 30165 -3611 -32563 
19084 26630 -29674 -13886 32674 -2411 -27315 18091 
14969 -29143 1207 32740 -17073 -27962 28572 16031 
-32762 0 28572 -16032 -17072 27963 1206 -32740 
14969 29142 -27315 -18090 32673 2410 -29673 13886 
19083 -26630 -3610 32562 -12785 -30164 25910 20050 
-32407 -4807 30614 -11666 -20990 25154 5996 -32208 
10530 31023 -24365 -21902 31966 7178 -31390 9381 
22784 -23542 -8350 31679 -8220 -31713 22687 23635 
-31351 -9509 31994 -7049 -24453 21803 10657 -30980 
5866 32232 -20888 -25239 30566 11790 -32426 4675 
25991 -19945 -12907 30113 -3479 -32577 18975 26708 
-29617 -14007 32682 -2277 -27388 17979 15087 -29081 
1072 32744 -16958 -28031 28506 16148 -32761 -134 
28637 -15914 -17186 27892 1339 -32734 14850 29203 
-27240 -18202 32663 2544 -29730 13765 19192 -26552 
-3745 32547 -12661 -30216 25828 20156 -32387 -4940 
30662 -11540 -21093 25069 6128 -32184 10404 31066 
-24275 -22002 31936 7309 -31428 9254 22880 -23449 
-8478 31646 -8092 -31747 22592 23727 -31313 -9638 
32024 -6918 -24542 21703 10783 -30937 5734 32256 
-20785 -25324 30519 11914 -32445 4544 26072 -19839 
-13030 30059 -3346 -32590 18866 26784 -29559 -14127 
32692 -2143 -27462 17867 15206 -29019 938 32749 
-16843 -28101 28440 16265 -32761 -268 28702 -15797 
-17300 27822 1472 -32729 14732 29264 -27167 -18312 
32653 2676 -29786 13644 19299 -26474 -3876 32532 
-12538 -30268 25746 20261 -32368 -5071 30709 -11416 
-21195 24983 6259 -32159 10278 31108 -24185 -22100 
31906 7439 -31465 9126 22975 -23356 -8608 31611 
-7961 -31780 22494 23819 -31272 -9765 32051 -6786 
-24631 21602 10910 -30892 5602 32280 -20681 -25410 
30469 12040 -32464 4410 26153 -19731 -13153 30005 
-3212 -32605 18756 26863 -29502 -14249 32701 -2010 
-27535 17754 15325 -28957 805 32753 -16729 -28170 
28372 16381 -32759 -402 28766 -15680 -17414 27750 
1608 -32722 14610 29323 -27090 -18423 32641 2811 
-29841 13521 19408 -26394 -4009 32515 -12414 -30319 
25662 20366 -32345 -5204 30755 -11290 -21297 24895 
6392 -32132 10150 31150 -24094 -22199 31875 7570 
-31502 8996 23071 -23260 -8738 31575 -7830 -31812 
22396 23912 -31232 -9894 32079 -6655 -24720 21500 
11037 -30847 5469 32302 -20576 -25494 30419 12165 
-32482 4277 26235 -19625 -13276 29952 -3078 -32618 
18645 26939 -29443 -14370 32708 -1876 -27607 17641 
15444 -28893 670 32755 -16613 -28238 28305 16497 
-32758 -536 28830 -15562 -17527 27679 1742 -32715 
14490 29383 -27015 -18534 32629 2944 -29897 13399 
19516 -26315 -4143 32498 -12290 -30369 25578 20471 
-32324 -5337 30801 -11164 -21399 24808 6523 -32106 
10022 31191 -24003 -22297 31844 7700 -31539 8867 
23167 -23167 -8867 31540 -7701 -31845 22298 24004 
-31192 -10022 32106 -6523 -24808 21400 11163 -30802 
5338 32324 -20473 -25578 30370 12288 -32499 4144 
26314 -19517 -13398 29897 -2946 -32629 18535 27014 
-29383 -14490 32716 -1742 -27679 17528 15562 -28830 
536 32758 -16497 -28305 28238 16612 -32755 -670 
28893 -15444 -17640 27608 1874 -32708 14370 29442 
-26939 -18645 32617 3077 -29951 13277 19623 -26235 
-4276 32482 -12166 -30420 25496 20575 -32303 -5468 
30847 -11038 -21500 24720 6653 -32079 9895 31232 
-23912 -22396 31812 7830 -31575 8739 23261 -23071 
-8996 31502 -7570 -31875 22199 24094 -31150 -10149 
32133 -6392 -24895 21298 11289 -30756 5205 32347 
-20367 -25663 30319 12414 -32516 4011 26395 -19409 
-13521 29842 -2812 -32642 18425 27091 -29324 -14610 
32723 -1608 -27751 17415 15679 -28767 402 32760 
-16381 -28372 28170 16727 -32752 -803 28956 -15326 
-17753 27535 2009 -32700 14250 29500 -26862 -18754 
32604 3211 -30005 13155 19730 -26155 -4409 32464 
-12041 -30469 25410 20679 -32279 -5600 30891 -10911 
-21602 24631 6785 -32052 9767 31272 -23820 -22494 
31780 7961 -31610 8608 23355 -22976 -9125 31465 
-7440 -31906 22101 24185 -31109 -10276 32158 -6260 
-24982 21196 11415 -30709 5073 32367 -20262 -25745 
30268 12537 -32532 3878 26473 -19301 -13643 29786 
-2678 -32652 18313 27165 -29264 -14729 32729 -1474 
-27821 17300 15797 -28701 268 32760 -16264 -28439 
28100 16843 -32748 -938 29018 -15207 -17866 27461 
2143 -32692 14129 29559 -26786 -18864 32591 3345 
-30059 13031 19838 -26073 -4542 32446 -11916 -30518 
25325 20784 -32257 -5732 30936 -10785 -21702 24543 
6916 -32024 9639 31312 -23728 -22590 31747 8090 
-31646 8479 23449 -22881 -9253 31429 -7309 -31937 
22002 24275 -31066 -10404 32184 -6129 -25069 21093 
11539 -30663 4942 32388 -20158 -25827 30218 12660 
-32548 3746 26552 -19193 -13763 29731 -2545 -32663 
18202 27241 -29204 -14850 32735 -1340 -27893 17187 
15915 -28638 134 32762 -16149 -28506 28032 16958 
-32745 -1071 29081 -15090 -17977 27390 2275 -32684 
14009 29617 -26709 -18973 32577 3476 -30112 12909 
19944 -25992 -4673 32427 -11792 -30567 25241 20887 
-32233 -5864 30980 -10659 -21801 24455 7047 -31995 
9510 31351 -23636 -22687 31714 8219 -31680 8350 
23542 -22784 -9382 31390 -7179 -31965 21902 24364 
-31024 -10531 32209 -5997 -25155 20992 11666 -30616 
4807 32408 -20051 -25911 30165 12785 -32563 3611 
26630 -19084 -13886 29674 -2411 -32674 18091 27315 
-29143 -14969 32740 -1207 -27962 17073 16031 -28572 
0 32762 -16032 -28572 27963 17072 -32740 -1206 
29142 -14969 -18090 27315 2410 -32673 13886 29673 
-26630 -19083 32562 3610 -30164 12785 20050 -25910 
-4807 32407 -11666 -30614 25154 20990 -32208 -5996 
31023 -10530 -21902 24365 7178 -31966 9381 31390 
-23542 -22784 31679 8350 -31713 8220 23635 -22687 
-9509 31351 -7049 -31994 21803 24453 -30980 -10657 
32232 -5866 -25239 20888 11790 -30566 4675 32426 
-19945 -25991 30113 12907 -32577 3479 26708 -18975 
-14007 29617 -2277 -32682 17979 27388 -29081 -15087 
32744 -1072 -28031 16958 16148 -28506 -134 32761 
-15914 -28637 27892 17186 -32734 -1339 29203 -14850 
-18202 27240 2544 -32663 13765 29730 -26552 -19192 
32547 3745 -30216 12661 20156 -25828 -4940 32387 
-11540 -30662 25069 21093 -32184 -6128 31066 -10404 
-22002 24275 7309 -31936 9254 31428 -23449 -22880 
31646 8478 -31747 8092 23727 -22592 -9638 31313 
-6918 -32024 21703 24542 -30937 -10783 32256 -5734 
-25324 20785 11914 -30519 4544 32445 -19839 -26072 
30059 13030 -32590 3346 26784 -18866 -14127 29559 
-2143 -32692 17867 27462 -29019 -15206 32749 -938 
-28101 16843 16265 -28440 -268 32761 -15797 -28702 
27822 17300 -32729 -1472 29264 -14732 -18312 27167 
2676 -32653 13644 29786 -26474 -19299 32532 3876 
-30268 12538 20261 -25746 -5071 32368 -11416 -30709 
24983 21195 -32159 -6259 31108 -10278 -22100 24185 
7439 -31906 9126 31465 -23356 -22975 31611 8608 
-31780 7961 23819 -22494 -9765 31272 -6786 -32051 
21602 24631 -30892 -10910 32280 -5602 -25410 20681 
12040 -30469 4410 32464 -19731 -26153 30005 13153 
-32605 3212 26863 -18756 -14249 29502 -2010 -32701 
17754 27535 -28957 -15325 32753 -805 -28170 16729 
16381 -28372 -402 32759 -15680 -28766 27750 17414 
-32722 -1608 29323 -14610 -18423 27090 2811 -32641 
13521 29841 -26394 -19408 32515 4009 -30319 12414 
20366 -25662 -5204 32345 -11290 -30755 24895 21297 
-32132 -6392 31150 -10150 -22199 24094 7570 -31875 
8996 31502 -23260 -23071 31575 8738 -31812 7830 
23912 -22396 -9894 31232 -6655 -32079 21500 24720 
-30847 -11037 32302 -5469 -25494 20576 12165 -30419 
4277 32482 -19625 -26235 29952 13276 -32618 3078 
26939 -18645 -14370 29443 -1876 -32708 17641 27607 
-28893 -15444 32755 -670 -28238 16613 16497 -28305 
-536 32758 -15562 -28830 27679 17527 -32715 -1742 
29383 -14490 -18534 27015 2944 -32629 13399 29897 
-26315 -19516 32498 4143 -30369 12290 20471 -25578 
-5337 32324 -11164 -30801 24808 21399 -32106 -6523 
31191 -10022 -22297 24003 7700 -31844 8867 31539 
-23167 -23167 31540 8867 -31845 7701 24004 -22298 
-10022 31192 -6523 -32106 21400 24808 -30802 -11163 
32324 -5338 -25578 20473 12288 -30370 4144 32499 
-19517 -26314 29897 13398 -32629 2946 27014 -18535 
-14490 29383 -1742 -32716 17528 27679 -28830 -15562 
32758 -536 -28305 16497 16612 -28238 -670 32755 
-15444 -28893 27608 17640 -32708 -1874 29442 -14370 
-18645 26939 3077 -32617 13277 29951 -26235 -19623 
32482 4276 -30420 12166 20575 -25496 -5468 32303 
-11038 -30847 24720 21500 -32079 -6653 31232 -9895 
-22396 23912 7830 -31812 8739 31575 -23071 -23261 
31502 8996 -31875 7570 24094 -22199 -10149 31150 
-6392 -32133 21298 24895 -30756 -11289 32347 -5205 
-25663 20367 12414 -30319 4011 32516 -19409 -26395 
29842 13521 -32642 2812 27091 -18425 -14610 29324 
-1608 -32723 17415 27751 -28767 -15679 32760 -402 
-28372 16381 16727 -28170 -803 32752 -15326 -28956 
27535 17753 -32700 -2009 29500 -14250 -18754 26862 
3211 -32604 13155 30005 -26155 -19730 32464 4409 
-30469 12041 20679 -25410 -5600 32279 -10911 -30891 
24631 21602 -32052 -6785 31272 -9767 -22494 23820 
7961 -31780 8608 31610 -22976 -23355 31465 9125 
-31906 7440 24185 -22101 -10276 31109 -6260 -32158 
21196 24982 -30709 -11415 32367 -5073 -25745 20262 
12537 -30268 3878 32532 -19301 -26473 29786 13643 
-32652 2678 27165 -18313 -14729 29264 -1474 -32729 
17300 27821 -28701 -15797 32760 -268 -28439 16264 
16843 -28100 -938 32748 -15207 -29018 27461 17866 
-32692 -2143 29559 -14129 -18864 26786 3345 -32591 
13031 30059 -26073 -19838 32446 4542 -30518 11916 
20784 -25325 -5732 32257 -10785 -30936 24543 21702 
-32024 -6916 31312 -9639 -22590 23728 8090 -31747 
8479 31646 -22881 -23449 31429 9253 -31937 7309 
24275 -22002 -10404 31066 -6129 -32184 21093 25069 
-30663 -11539 32388 -4942 -25827 20158 12660 -30218 
3746 32548 -19193 -26552 29731 13763 -32663 2545 
27241 -18202 -14850 29204 -1340 -32735 17187 27893 
-28638 -15915 32762 -134 -28506 16149 16958 -28032 
-1071 32745 -15090 -29081 27390 17977 -32684 -2275 
29617 -14009 -18973 26709 3476 -32577 12909 30112 
-25992 -19944 32427 4673 -30567 11792 20887 -25241 
-5864 32233 -10659 -30980 24455 21801 -31995 -7047 
31351 -9510 -22687 23636 8219 -31714 8350 31680 
-22784 -23542 31390 9382 -31965 7179 24364 -21902 
-10531 31024 -5997 -32209 20992 25155 -30616 -11666 
32408 -4807 -25911 20051 12785 -30165 3611 32563 
-19084 -26630 29674 13886 -32674 2411 27315 -18091 
-14969 29143 -1207 -32740 17073 27962 -28572 -16031 
32762 0 -28572 16032 17072 -27963 -1206 32740 
-14969 -29142 27315 18090 -32673 -2410 29673 -13886 
-19083 26630 3610 -32562 12785 30164 -25910 -20050 
32407 4807 -30614 11666 20990 -25154 -5996 32208 
-10530 -31023 24365 21902 -31966 -7178 31390 -9381 
-22784 23542 8350 -31679 8220 31713 -22687 -23635 
31351 9509 -31994 7049 24453 -21803 -10657 30980 
-5866 -32232 20888 25239 -30566 -11790 32426 -4675 
-25991 19945 12907 -30113 3479 32577 -18975 -26708 
29617 14007 -32682 2277 27388 -17979 -15087 29081 
-1072 -32744 16958 28031 -28506 -16148 32761 134 
-28637 15914 17186 -27892 -1339 32734 -14850 -29203 
27240 18202 -32663 -2544 29730 -13765 -19192 26552 
3745 -32547 12661 30216 -25828 -20156 32387 4940 
-30662 11540 21093 -25069 -6128 32184 -10404 -31066 
24275 22002 -31936 -7309 31428 -9254 -22880 23449 
8478 -31646 8092 31747 -22592 -23727 31313 9638 
-32024 6918 24542 -21703 -10783 30937 -5734 -32256 
20785 25324 -30519 -11914 32445 -4544 -26072 19839 
13030 -30059 3346 32590 -18866 -26784 29559 14127 
-32692 2143 27462 -17867 -15206 29019 -938 -32749 
16843 28101 -28440 -16265 32761 268 -28702 15797 
17300 -27822 -1472 32729 -14732 -29264 27167 18312 
-32653 -2676 29786 -13644 -19299 26474 3876 -32532 
12538 30268 -25746 -20261 32368 5071 -30709 11416 
21195 -24983 -6259 32159 -10278 -31108 24185 22100 
-31906 -7439 31465 -9126 -22975 23356 8608 -31611 
7961 31780 -22494 -23819 31272 9765 -32051 6786 
24631 -21602 -10910 30892 -5602 -32280 20681 25410 
-30469 -12040 32464 -4410 -26153 19731 13153 -30005 
3212 32605 -18756 -26863 29502 14249 -32701 2010 
27535 -17754 -15325 28957 -805 -32753 16729 28170 
-28372 -16381 32759 402 -28766 15680 17414 -27750 
-1608 32722 -14610 -29323 27090 18423 -32641 -2811 
29841 -13521 -19408 26394 4009 -32515 12414 30319 
-25662 -20366 32345 5204 -30755 11290 21297 -24895 
-6392 32132 -10150 -31150 24094 22199 -31875 -7570 
31502 -8996 -23071 23260 8738 -31575 7830 31812 
-22396 -23912 31232 9894 -32079 6655 24720 -21500 
-11037 30847 -5469 -32302 20576 25494 -30419 -12165 
32482 -4277 -26235 19625 13276 -29952 3078 32618 
-18645 -26939 29443 14370 -32708 1876 27607 -17641 
-15444 28893 -670 -32755 16613 28238 -28305 -16497 
32758 536 -28830 15562 17527 -27679 -1742 32715 
-14490 -29383 27015 18534 -32629 -2944 29897 -13399 
-19516 26315 4143 -32498 12290 30369 -25578 -20471 
32324 5337 -30801 11164 21399 -24808 -6523 32106 
-10022 -31191 24003 22297 -31844 -7700 31539 -8867 
-23167 23167 8867 -31540 7701 31845 -22298 -24004 
31192 10022 -32106 6523 24808 -21400 -11163 30802 
-5338 -32324 20473 25578 -30370 -12288 32499 -4144 
-26314 19517 13398 -29897 2946 32629 -18535 -27014 
29383 14490 -32716 1742 27679 -17528 -15562 28830 
-536 -32758 16497 28305 -28238 -16612 32755 670 
-28893 15444 17640 -27608 -1874 32708 -14370 -29442 
26939 18645 -32617 -3077 29951 -13277 -19623 26235 
4276 -32482 12166 30420 -25496 -20575 32303 5468 
-30847 11038 21500 -24720 -6653 32079 -9895 -31232 
23912 22396 -31812 -7830 31575 -8739 -23261 23071 
8996 -31502 7570 31875 -22199 -24094 31150 10149 
-32133 6392 24895 -21298 -11289 30756 -5205 -32347 
20367 25663 -30319 -12414 32516 -4011 -26395 19409 
13521 -29842 2812 32642 -18425 -27091 29324 14610 
-32723 1608 27751 -17415 -15679 28767 -402 -32760 
16381 28372 -28170 -16727 32752 803 -28956 15326 
17753 -27535 -2009 32700 -14250 -29500 26862 18754 
-32604 -3211 30005 -13155 -19730 26155 4409 -32464 
12041 30469 -25410 -20679 32279 5600 -30891 10911 
21602 -24631 -6785 32052 -9767 -31272 23820 22494 
-31780 -7961 31610 -8608 -23355 22976 9125 -31465 
7440 31906 -22101 -24185 31109 10276 -32158 6260 
24982 -21196 -11415 30709 -5073 -32367 20262 25745 
-30268 -12537 32532 -3878 -26473 19301 13643 -29786 
2678 32652 -18313 -27165 29264 14729 -32729 1474 
27821 -17300 -15797 28701 -268 -32760 16264 28439 
-28100 -16843 32748 938 -29018 15207 17866 -27461 
-2143 32692 -14129 -29559 26786 18864 -32591 -3345 
30059 -13031 -19838 26073 4542 -32446 11916 30518 
-25325 -20784 32257 5732 -30936 10785 21702 -24543 
-6916 32024 -9639 -31312 23728 22590 -31747 -8090 
31646 -8479 -23449 22881 9253 -31429 7309 31937 
-22002 -24275 31066 10404 -32184 6129 25069 -21093 
-11539 30663 -4942 -32388 20158 25827 -30218 -12660 
32548 -3746 -26552 19193 13763 -29731 2545 32663 
-18202 -27241 29204 14850 -32735 1340 27893 -17187 
-15915 28638 -134 -32762 16149 28506 -28032 -16958 
32745 1071 -29081 15090 17977 -27390 -2275 32684 
-14009 -29617 26709 18973 -32577 -3476 30112 -12909 
-19944 25992 4673 -32427 11792 30567 -25241 -20887 
32233 5864 -30980 10659 21801 -24455 -7047 31995 
-9510 -31351 23636 22687 -31714 -8219 31680 -8350 
-23542 22784 9382 -31390 7179 31965 -21902 -24364 
31024 10531 -32209 5997 25155 -20992 -11666 30616 
-4807 -32408 20051 25911 -30165 -12785 32563 -3611 
-26630 19084 13886 -29674 2411 32674 -18091 -27315 
29143 14969 -32740 1207 27962 -17073 -16031 28572 
0 -32762 16032 28572 -27963 -17072 32740 1206 
-29142 14969 18090 -27315 -2410 32673 -13886 -29673 
26630 19083 -32562 -3610 30164 -12785 -20050 25910 
4807 -32407 11666 30614 -25154 -20990 32208 5996 
-31023 10530 21902 -24365 -7178 31966 -9381 -31390 
23542 22784 -31679 -8350 31713 -8220 -23635 22687 
9509 -31351 7049 31994 -21803 -24453 30980 10657 
-32232 5866 25239 -20888 -11790 30566 -4675 -32426 
19945 25991 -30113 -12907 32577 -3479 -26708 18975 
14007 -29617 2277 32682 -17979 -27388 29081 15087 
-32744 1072 28031 -16958 -16148 28506 134 -32761 
15914 28637 -27892 -17186 32734 1339 -29203 14850 
18202 -27240 -2544 32663 -13765 -29730 26552 19192 
-32547 -3745 30216 -12661 -20156 25828 4940 -32387 
11540 30662 -25069 -21093 32184 6128 -31066 10404 
22002 -24275 -7309 31936 -9254 -31428 23449 22880 
-31646 -8478 31747 -8092 -23727 22592 9638 -31313 
6918 32024 -21703 -24542 30937 10783 -32256 5734 
25324 -20785 -11914 30519 -4544 -32445 19839 26072 
-30059 -13030 32590 -3346 -26784 18866 14127 -29559 
2143 32692 -17867 -27462 29019 15206 -32749 938 
28101 -16843 -16265 28440 268 -32761 15797 28702 
-27822 -17300 32729 1472 -29264 14732 18312 -27167 
-2676 32653 -13644 -29786 26474 19299 -32532 -3876 
30268 -12538 -20261 25746 5071 -32368 11416 30709 
-24983 -21195 32159 6259 -31108 10278 22100 -24185 
-7439 31906 -9126 -31465 23356 22975 -31611 -8608 
31780 -7961 -23819 22494 9765 -31272 6786 32051 
-21602 -24631 30892 10910 -32280 5602 25410 -20681 
-12040 30469 -4410 -32464 19731 26153 -30005 -13153 
32605 -3212 -26863 18756 14249 -29502 2010 32701 
-17754 -27535 28957 15325 -32753 805 28170 -16729 
-16381 28372 402 -32759 15680 28766 -27750 -17414 
32722 1608 -29323 14610 18423 -27090 -2811 32641 
-13521 -29841 26394 19408 -32515 -4009 30319 -12414 
-20366 25662 5204 -32345 11290 30755 -24895 -21297 
32132 6392 -31150 10150 22199 -24094 -7570 31875 
-8996 -31502 23260 23071 -31575 -8738 31812 -7830 
-23912 22396 9894 -31232 6655 32079 -21500 -24720 
30847 11037 -32302 5469 25494 -20576 -12165 30419 
-4277 -32482 19625 26235 -29952 -13276 32618 -3078 
-26939 18645 14370 -29443 1876 32708 -17641 -27607 
28893 15444 -32755 670 28238 -16613 -16497 28305 
536 -32758 15562 28830 -27679 -17527 32715 1742 
-29383 14490 18534 -27015 -2944 32629 -13399 -29897 
26315 19516 -32498 -4143 30369 -12290 -20471 25578 
5337 -32324 11164 30801 -24808 -21399 32106 6523 
-31191 10022 22297 -24003 -7700 31844 -8867 -31539 
23167 23167 -31540 -8867 31845 -7701 -24004 22298 
10022 -31192 6523 32106 -21400 -24808 30802 11163 
-32324 5338 25578 -20473 -12288 30370 -4144 -32499 
19517 26314 -29897 -13398 32629 -2946 -27014 18535 
14490 -29383 1742 32716 -17528 -27679 28830 15562 
-32758 536 28305 -16497 -16612 28238 670 -32755 
15444 28893 -27608 -17640 32708 1874 -29442 14370 
18645 -26939 -3077 32617 -13277 -29951 26235 19623 
-32482 -4276 30420 -12166 -20575 25496 5468 -32303 
11038 30847 -24720 -21500 32079 6653 -31232 9895 
22396 -23912 -7830 31812 -8739 -31575 23071 23261 
-31502 -8996 31875 -7570 -24094 22199 10149 -31150 
6392 32133 -21298 -24895 30756 11289 -32347 5205 
25663 -20367 -12414 30319 -4011 -32516 19409 26395 
-29842 -13521 32642 -2812 -27091 18425 14610 -29324 
1608 32723 -17415 -27751 28767 15679 -32760 402 
28372 -16381 -16727 28170 803 -32752 15326 28956 
-27535 -17753 32700 2009 -29500 14250 18754 -26862 
-3211 32604 -13155 -30005 26155 19730 -32464 -4409 
30469 -12041 -20679 25410 5600 -32279 10911 30891 
-24631 -21602 32052 6785 -31272 9767 22494 -23820 
-7961 31780 -8608 -31610 22976 23355 -31465 -9125 
31906 -7440 -24185 22101 10276 -31109 6260 32158 
-21196 -24982 30709 11415 -32367 5073 25745 -20262 
-12537 30268 -3878 -32532 19301 26473 -29786 -13643 
32652 -2678 -27165 18313 14729 -29264 1474 32729 
-17300 -27821 28701 15797 -32760 268 28439 -16264 
-16843 28100 938 -32748 15207 29018 -27461 -17866 
32692 2143 -29559 14129 18864 -26786 -3345 32591 
-13031 -30059 26073 19838 -32446 -4542 30518 -11916 
-20784 25325 5732 -32257 10785 30936 -24543 -21702 
32024 6916 -31312 9639 22590 -23728 -8090 31747 
-8479 -31645 22880 23448 -31428 -9253 31936 -7309 
-24275 22002 10403 -31065 6129 32183 -21093 -25068 
30662 11539 -32387 4941 25827 -20157 -12660 30217 
-3745 -32547 19192 26551 -29730 -13763 32662 -2545 
-27240 18202 14849 -29204 1341 32735 -17187 -27892 
28637 15914 -32761 134 28505 -16149 -16957 28032 
1071 -32744 15089 29080 -27389 -17977 32683 2275 
-29616 14008 18973 -26708 -3476 32576 -12909 -30111 
25992 19944 -32427 -4673 30567 -11792 -20887 25241 
5864 -32233 10659 30980 -24455 -21801 31995 7047 
-31350 9510 22686 -23635 -8219 31713 -8350 -31679 
22784 23541 -31389 -9381 31964 -7179 -24364 21902 
10530 -31023 5998 32208 -20991 -25154 30615 11665 
-32407 4808 25909 -20050 -12784 30164 -3612 -32562 
19084 26629 -29674 -13885 32673 -2412 -27314 18091 
14968 -29143 1207 32739 -17073 -27961 28572 16030 
-32762 0 28572 -16032 -17072 27963 1206 -32740 
14969 29142 -27315 -18090 32673 2410 -29673 13886 
19083 -26630 -3610 32562 -12785 -30164 25910 20050 
-32407 -4807 30614 -11666 -20990 25154 5996 -32208 
10530 31023 -24365 -21902 31966 7178 -31390 9381 
22784 -23542 -8350 31679 -8220 -31713 22687 23635 
-31351 -9509 31994 -7049 -24453 21803 10657 -30980 
5866 32232 -20888 -25239 30566 11790 -32426 4675 
25991 -19945 -12907 30113 -3479 -32577 18975 26708 
-29617 -14007 32682 -2277 -27388 17979 15087 -29081 
1072 32744 -16958 -28031 28506 16148 -32761 -134 
28637 -15914 -17186 27892 1339 -32734 14850 29203 
-27240 -18202 32663 2544 -29730 13765 19192 -26552 
-3745 32547 -12661 -30216 25828 20156 -32387 -4940 
30662 -11540 -21093 25069 6128 -32184 10404 31066 
-24275 -22002 31936 7309 -31428 9254 22880 -23449 
-8478 31646 -8092 -31747 22592 23727 -31313 -9638 
32024 -6918 -24542 21703 10783 -30937 5734 32256 
-20785 -25324 30519 11914 -32445 4544 26072 -19839 
-13030 30059 -3346 -32590 18866 26784 -29559 -14127 
32692 -2143 -27462 17867 15206 -29019 938 32749 
-16843 -28101 28440 16265 -32761 -268 28702 -15797 
-17300 27822 1472 -32729 14732 29264 -27167 -18312 
32653 2676 -29786 13644 19299 -26474 -3876 32532 
-12538 -30268 25746 20261 -32368 -5071 30709 -11416 
-21195 24983 6259 -32159 10278 31108 -24185 -22100 
31906 7439 -31465 9126 22975 -23356 -8608 31611 
-7961 -31780 22494 23819 -31272 -9765 32051 -6786 
-24631 21602 10910 -30892 5602 32280 -20681 -25410 
30469 12040 -32464 4410 26153 -19731 -13153 30005 
-3212 -32605 18756 26863 -29502 -14249 32701 -2010 
-27535 17754 15325 -28957 805 32753 -16729 -28170 
28372 16381 -32759 -402 28766 -15680 -17414 27750 
1608 -32722 14610 29323 -27090 -18423 32641 2811 
-29841 13521 19408 -26394 -4009 32515 -12414 -30319 
25662 20366 -32345 -5204 30755 -11290 -21297 24895 
6392 -32132 10150 31150 -24094 -22199 31875 7570 
-31502 8996 23071 -23260 -8738 31575 -7830 -31812 
22396 23912 -31232 -9894 32079 -6655 -24720 21500 
11037 -30847 5469 32302 -20576 -25494 30419 12165 
-32482 4277 26235 -19625 -13276 29952 -3078 -32618 
18645 26939 -29443 -14370 32708 -1876 -27607 17641 
15444 -28893 670 32755 -16613 -28238 28305 16497 
-32758 -536 28830 -15562 -17527 27679 1742 -32715 
14490 29383 -27015 -18534 32629 2944 -29897 13399 
19516 -26315 -4143 32498 -12290 -30369 25578 20471 
-32324 -5337 30801 -11164 -21399 24808 6523 -32106 
10022 31191 -24003 -22297 31844 7700 -31539 8867 
23167 -23167 -8867 31540 -7701 -31845 22298 24004 
-31192 -10022 32106 -6523 -24808 21400 11163 -30802 
5338 32324 -20473 -25578 30370 12288 -32499 4144 
26314 -19517 -13398 29897 -2946 -32629 18535 27014 
-29383 -14490 32716 -1742 -27679 17528 15562 -28830 
536 32758 -16497 -28305 28238 16612 -32755 -670 
28893 -15444 -17640 27608 1874 -32708 14370 29442 
-26939 -18645 32617 3077 -29951 13277 19623 -26235 
-4276 32482 -12166 -30420 25496 20575 -32303 -5468 
30847 -11038 -21500 24720 6653 -32079 9895 31232 
-23912 -22396 31812 7830 -31575 8739 23261 -23071 
-8996 31502 -7570 -31875 22199 24094 -31150 -10149 
32133 -6392 -24895 21298 11289 -30756 5205 32347 
-20367 -25663 30319 12414 -32516 4011 26395 -19409 
-13521 29842 -2812 -32642 18425 27091 -29324 -14610 
32723 -1608 -27751 17415 15679 -28767 402 32760 
-16381 -28372 28170 16727 -32752 -803 28956 -15326 
-17753 27535 2009 -32700 14250 29500 -26862 -18754 
32604 3211 -30005 13155 19730 -26155 -4409 32464 
-12041 -30469 25410 20679 -32279 -5600 30891 -10911 
-21602 24631 6785 -32052 9767 31272 -23820 -22494 
31780 7961 -31610 8608 23355 -22976 -9125 31465 
-7440 -31906 22101 24185 -31109 -10276 32158 -6260 
-24982 21196 11415 -30709 5073 32367 -20262 -25745 
30268 12537 -32532 3878 26473 -19301 -13643 29786 
-2678 -32652 18313 27165 -29264 -14729 32729 -1474 
-27821 17300 15797 -28701 268 32760 -16264 -28439 
28100 16843 -32748 -938 29018 -15207 -17866 27461 
2143 -32692 14129 29559 -26786 -18864 32591 3345 
-30059 13031 19838 -26073 -4542 32446 -11916 -30518 
25325 20784 -32257 -5732 30936 -10785 -21702 24543 
6916 -32024 9639 31312 -23728 -22590 31747 8090 
-31645 8479 23448 -22880 -9253 31428 -7309 -31936 
22002 24275 -31065 -10403 32183 -6129 -25068 21093 
11539 -30662 4941 32387 -20157 -25827 30217 12660 
-32547 3745 26551 -19192 -13763 29730 -2545 -32662 
18202 27240 -29204 -14849 32735 -1341 -27892 17187 
15914 -28637 134 32761 -16149 -28505 28032 16957 
-32744 -1071 29080 -15089 -17977 27389 2275 -32683 
14008 29616 -26708 -18973 32576 3476 -30111 12909 
19944 -25992 -4673 32427 -11792 -30567 25241 20887 
-32233 -5864 30980 -10659 -21801 24455 7047 -31995 
9510 31350 -23635 -22686 31713 8219 -31679 8350 
23541 -22784 -9381 31389 -7179 -31964 21902 24364 
-31023 -10530 32208 -5998 -25154 20991 11665 -30615 
4808 32407 -20050 -25909 30164 12784 -32562 3612 
26629 -19084 -13885 29674 -2412 -32673 18091 27314 
-29143 -14968 32739 -1207 -27961 17073 16030 -28572 
0 32762 -16032 -28572 27963 17072 -32740 -1206 
29142 -14969 -18090 27315 2410 -32673 13886 29673 
-26630 -19083 32562 3610 -30164 12785 20050 -25910 
-4807 32407 -11666 -30614 25154 20990 -32208 -5996 
31023 -10530 -21902 24365 7178 -31966 9381 31390 
-23542 -22784 31679 8350 -31713 8220 23635 -22687 
-9509 31351 -7049 -31994 21803 24453 -30980 -10657 
32232 -5866 -25239 20888 11790 -30566 4675 32426 
-19945 -25991 30113 12907 -32577 3479 26708 -18975 
-14007 29617 -2277 -32682 17979 27388 -29081 -15087 
32744 -1072 -28031 16958 16148 -28506 -134 32761 
-15914 -28637 27892 17186 -32734 -1339 29203 -14850 
-18202 27240 2544 -32663 13765 29730 -26552 -19192 
32547 3745 -30216 12661 20156 -25828 -4940 32387 
-11540 -30662 25069 21093 -32184 -6128 31066 -10404 
-22002 24275 7309 -31936 9254 31428 -23449 -22880 
31646 8478 -31747 8092 23727 -22592 -9638 31313 
-6918 -32024 21703 24542 -30937 -10783 32256 -5734 
-25324 20785 11914 -30519 4544 32445 -19839 -26072 
30059 13030 -32590 3346 26784 -18866 -14127 29559 
-2143 -32692 17867 27462 -29019 -15206 32749 -938 
-28101 16843 16265 -28440 -268 32761 -15797 -28702 
27822 17300 -32729 -1472 29264 -14732 -18312 27167 
2676 -32653 13644 29786 -26474 -19299 32532 3876 
-30268 12538 20261 -25746 -5071 32368 -11416 -30709 
24983 21195 -32159 -6259 31108 -10278 -22100 24185 
7439 -31906 9126 31465 -23356 -22975 31611 8608 
-31780 7961 23819 -22494 -9765 31272 -6786 -32051 
21602 24631 -30892 -10910 32280 -5602 -25410 20681 
12040 -30469 4410 32464 -19731 -26153 30005 13153 
-32605 3212 26863 -18756 -14249 29502 -2010 -32701 
17754 27535 -28957 -15325 32753 -805 -28170 16729 
16381 -28372 -402 32759 -15680 -28766 27750 17414 
-32722 -1608 29323 -14610 -18423 27090 2811 -32641 
13521 29841 -26394 -19408 32515 4009 -30319 12414 
20366 -25662 -5204 32345 -11290 -30755 24895 21297 
-32132 -6392 31150 -10150 -22199 24094 7570 -31875 
8996 31502 -23260 -23071 31575 8738 -31812 7830 
23912 -22396 -9894 31232 -6655 -32079 21500 24720 
-30847 -11037 32302 -5469 -25494 20576 12165 -30419 
4277 32482 -19625 -26235 29952 13276 -32618 3078 
26939 -18645 -14370 29443 -1876 -32708 17641 27607 
-28893 -15444 32755 -670 -28238 16613 16497 -28305 
-536 32758 -15562 -28830 27679 17527 -32715 -1742 
29383 -14490 -18534 27015 2944 -32629 13399 29897 
-26315 -19516 32498 4143 -30369 12290 20471 -25578 
-5337 32324 -11164 -30801 24808 21399 -32106 -6523 
31191 -10022 -22297 24003 7700 -31844 8867 31539 
-23167 -23167 31540 8867 -31845 7701 24004 -22298 
-10022 31192 -6523 -32106 21400 24808 -30802 -11163 
32324 -5338 -25578 20473 12288 -30370 4144 32499 
-19517 -26314 29897 13398 -32629 2946 27014 -18535 
-14490 29383 -1742 -32716 17528 27679 -28830 -15562 
32758 -536 -28305 16497 16612 -28238 -670 32755 
-15444 -28893 27608 17640 -32708 -1874 29442 -14370 
-18645 26939 3077 -32617 13277 29951 -26235 -19623 
32482 4276 -30420 12166 20575 -25496 -5468 32303 
-11038 -30847 24720 21500 -32079 -6653 31232 -9895 
-22396 23912 7830 -31812 8739 31575 -23071 -23261 
31502 8996 -31875 7570 24094 -22199 -10149 31150 
-6392 -32133 21298 24895 -30756 -11289 32347 -5205 
-25663 20367 12414 -30319 4011 32516 -19409 -26395 
29842 13521 -32642 2812 27091 -18425 -14610 29324 
-1608 -32723 17415 27751 -28767 -15679 32760 -402 
-28372 16381 16727 -28170 -803 32752 -15326 -28956 
27535 17753 -32700 -2009 29500 -14250 -18754 26862 
3211 -32604 13155 30005 -26155 -19730 32464 4409 
-30469 12041 20679 -25410 -5600 32279 -10911 -30891 
24631 21602 -32052 -6785 31272 -9767 -22494 23820 
7961 -31780 8608 31610 -22976 -23355 31465 9125 
-31906 7440 24185 -22101 -10276 31109 -6260 -32158 
21196 24982 -30709 -11415 32367 -5073 -25745 20262 
12537 -30268 3878 32532 -19301 -26473 29786 13643 
-32652 2678 27165 -18313 -14729 29264 -1474 -32729 
17300 27821 -28701 -15797 32760 -268 -28439 16264 
16843 -28100 -938 32748 -15207 -29018 27461 17866 
-32692 -2143 29559 -14129 -18864 26786 3345 -32591 
13031 30059 -26073 -19838 32446 4542 -30518 11916 
20784 -25325 -5732 32257 -10785 -30936 24543 21702 
-32024 -6916 31312 -9639 -22590 23728 8090 -31747 
8479 31645 -22880 -23448 31428 9253 -31936 7309 
24275 -22002 -10403 31065 -6129 -32183 21093 25068 
-30662 -11539 32387 -4941 -25827 20157 12660 -30217 
3745 32547 -19192 -26551 29730 13763 -32662 2545 
27240 -18202 -14849 29204 -1341 -32735 17187 27892 
-28637 -15914 32761 -134 -28505 16149 16957 -28032 
-1071 32744 -15089 -29080 27389 17977 -32683 -2275 
29616 -14008 -18973 26708 3476 -32576 12909 30111 
-25992 -19944 32427 4673 -30567 11792 20887 -25241 
-5864 32233 -10659 -30980 24455 21801 -31995 -7047 
31350 -9510 -22686 23635 8219 -31713 8350 31679 
-22784 -23541 31389 9381 -31964 7179 24364 -21902 
-10530 31023 -5998 -32208 20991 25154 -30615 -11665 
32407 -4808 -25909 20050 12784 -30164 3612 32562 
-19084 -26629 29674 13885 -32673 2412 27314 -18091 
-14968 29143 -1207 -32739 17073 27961 -28572 -16030 
32762 0 -28572 16032 17072 -27963 -1206 32740 
-14969 -29142 27315 18090 -32673 -2410 29673 -13886 
-19083 26630 3610 -32562 12785 30164 -25910 -20050 
32407 4807 -30614 11666 20990 -25154 -5996 32208 
-10530 -31023 24365 21902 -31966 -7178 31390 -9381 
-22784 23542 8350 -31679 8220 31713 -22687 -23635 
31351 9509 -31994 7049 24453 -21803 -10657 30980 
-5866 -32232 20888 25239 -30566 -11790 32426 -4675 
-25991 19945 12907 -30113 3479 32577 -18975 -26708 
29617 14007 -32682 2277 27388 -17979 -15087 29081 
-1072 -32744 16958 28031 -28506 -16148 32761 134 
-28637 15914 17186 -27892 -1339 32734 -14850 -29203 
27240 18202 -32663 -2544 29730 -13765 -19192 26552 
3745 -32547 12661 30216 -25828 -20156 32387 4940 
-30662 11540 21093 -25069 -6128 32184 -10404 -31066 
24275 22002 -31936 -7309 31428 -9254 -22880 23449 
8478 -31646 8092 31747 -22592 -23727 31313 9638 
-32024 6918 24542 -21703 -10783 30937 -5734 -32256 
20785 25324 -30519 -11914 32445 -4544 -26072 19839 
13030 -30059 3346 32590 -18866 -26784 29559 14127 
-32692 2143 27462 -17867 -15206 29019 -938 -32749 
16843 28101 -28440 -16265 32761 268 -28702 15797 
17300 -27822 -1472 32729 -14732 -29264 27167 18312 
-32653 -2676 29786 -13644 -19299 26474 3876 -32532 
12538 30268 -25746 -20261 32368 5071 -30709 11416 
21195 -24983 -6259 32159 -10278 -31108 24185 22100 
-31906 -7439 31465 -9126 -22975 23356 8608 -31611 
7961 31780 -22494 -23819 31272 9765 -32051 6786 
24631 -21602 -10910 30892 -5602 -32280 20681 25410 
-30469 -12040 32464 -4410 -26153 19731 13153 -30005 
3212 32605 -18756 -26863 29502 14249 -32701 2010 
27535 -17754 -15325 28957 -805 -32753 16729 28170 
-28372 -16381 32759 402 -28766 15680 17414 -27750 
-1608 32722 -14610 -29323 27090 18423 -32641 -2811 
29841 -13521 -19408 26394 4009 -32515 12414 30319 
-25662 -20366 32345 5204 -30755 11290 21297 -24895 
-6392 32132 -10150 -31150 24094 22199 -31875 -7570 
31502 -8996 -23071 23260 8738 -31575 7830 31812 
-22396 -23912 31232 9894 -32079 6655 24720 -21500 
-11037 30847 -5469 -32302 20576 25494 -30419 -12165 
32482 -4277 -26235 19625 13276 -29952 3078 32618 
-18645 -26939 29443 14370 -32708 1876 27607 -17641 
-15444 28893 -670 -32755 16613 28238 -28305 -16497 
32758 536 -28830 15562 17527 -27679 -1742 32715 
-14490 -29383 27015 18534 -32629 -2944 29897 -13399 
-19516 26315 4143 -32498 12290 30369 -25578 -20471 
32324 5337 -30801 11164 21399 -24808 -6523 32106 
-10022 -31191 24003 22297 -31844 -7700 31539 -8867 
-23167 23167 8867 -31540 7701 31845 -22298 -24004 
31192 10022 -32106 6523 24808 -21400 -11163 30802 
-5338 -32324 20473 25578 -30370 -12288 32499 -4144 
-26314 19517 13398 -29897 2946 32629 -18535 -27014 
29383 14490 -32716 1742 27679 -17528 -15562 28830 
-536 -32758 16497 28305 -28238 -16612 32755 670 
-28893 15444 17640 -27608 -1874 32708 -14370 -29442 
26939 18645 -32617 -3077 29951 -13277 -19623 26235 
4276 -32482 12166 30420 -25496 -20575 32303 5468 
-30847 11038 21500 -24720 -6653 32079 -9895 -31232 
23912 22396 -31812 -7830 31575 -8739 -23261 23071 
8996 -31502 7570 31875 -22199 -24094 31150 10149 
-32133 6392 24895 -21298 -11289 30756 -5205 -32347 
20367 25663 -30319 -12414 32516 -4011 -26395 19409 
13521 -29842 2812 32642 -18425 -27091 29324 14610 
-32723 1608 27751 -17415 -15679 28767 -402 -32760 
16381 28372 -28170 -16727 32752 803 -28956 15326 
17753 -27535 -2009 32700 -14250 -29500 26862 18754 
-32604 -3211 30005 -13155 -19730 26155 4409 -32464 
12041 30469 -25410 -20679 32279 5600 -30891 10911 
21602 -24631 -6785 32052 -9767 -31272 23820 22494 
-31780 -7961 31610 -8608 -23355 22976 9125 -31465 
7440 31906 -22101 -24185 31109 10276 -32158 6260 
24982 -21196 -11415 30709 -5073 -32367 20262 25745 
-30268 -12537 32532 -3878 -26473 19301 13643 -29786 
2678 32652 -18313 -27165 29264 14729 -32729 1474 
27821 -17300 -15797 28701 -268 -32760 16264 28439 
-28100 -16843 32748 938 -29018 15207 17866 -27461 
-2143 32692 -14129 -29559 26786 18864 -32591 -3345 
30059 -13031 -19838 26073 4542 -32446 11916 30518 
-25325 -20784 32257 5732 -30936 10785 21702 -24543 
-6916 32024 -9639 -31312 23728 22590 -31747 -8090 
31645 -8479 -23448 22880 9253 -31428 7309 31936 
-22002 -24275 31065 10403 -32183 6129 25068 -21093 
-11539 30662 -4941 -32387 20157 25827 -30217 -12660 
32547 -3745 -26551 19192 13763 -29730 2545 32662 
-18202 -27240 29204 14849 -32735 1341 27892 -17187 
-15914 28637 -134 -32761 16149 28505 -28032 -16957 
32744 1071 -29080 15089 17977 -27389 -2275 32683 
-14008 -29616 26708 18973 -32576 -3476 30111 -12909 
-19944 25992 4673 -32427 11792 30567 -25241 -20887 
32233 5864 -30980 10659 21801 -24455 -7047 31995 
-9510 -31350 23635 22686 -31713 -8219 31679 -8350 
-23541 22784 9381 -31389 7179 31964 -21902 -24364 
31023 10530 -32208 5998 25154 -20991 -11665 30615 
-4808 -32407 20050 25909 -30164 -12784 32562 -3612 
-26629 19084 13885 -29674 2412 32673 -18091 -27314 
29143 14968 -32739 1207 27961 -17073 -16030 28572 
0 -32762 16032 28572 -27963 -17072 32740 1206 
-29142 14969 18090 -27315 -2410 32673 -13886 -29673 
26630 19083 -32562 -3610 30164 -12785 -20050 25910 
4807 -32407 11666 30614 -25154 -20990 32208 5996 
-31023 10530 21902 -24365 -7178 31966 -9381 -31390 
23542 22784 -31679 -8350 31713 -8220 -23635 22687 
9509 -31351 7049 31994 -21803 -24453 30980 10657 
-32232 5866 25239 -20888 -11790 30566 -4675 -32426 
19945 25991 -30113 -12907 32577 -3479 -26708 18975 
14007 -29617 2277 32682 -17979 -27388 29081 15087 
-32744 1072 28031 -16958 -16148 28506 134 -32761 
15914 28637 -27892 -17186 32734 1339 -29203 14850 
18202 -27240 -2544 32663 -13765 -29730 26552 19192 
-32547 -3745 30216 -12661 -20156 25828 4940 -32387 
11540 30662 -25069 -21093 32184 6128 -31066 10404 
22002 -24275 -7309 31936 -9254 -31428 23449 22880 
-31646 -8478 31747 -8092 -23727 22592 9638 -31313 
6918 32024 -21703 -24542 30937 10783 -32256 5734 
25324 -20785 -11914 30519 -4544 -32445 19839 26072 
-30059 -13030 32590 -3346 -26784 18866 14127 -29559 
2143 32692 -17867 -27462 29019 15206 -32749 938 
28101 -16843 -16265 28440 268 -32761 15797 28702 
-27822 -17300 32729 1472 -29264 14732 18312 -27167 
-2676 32653 -13644 -29786 26474 19299 -32532 -3876 
30268 -12538 -20261 25746 5071 -32368 11416 30709 
-24983 -21195 32159 6259 -31108 10278 22100 -24185 
-7439 31906 -9126 -31465 23356 22975 -31611 -8608 
31780 -7961 -23819 22494 9765 -31272 6786 32051 
-21602 -24631 30892 10910 -32280 5602 25410 -20681 
-12040 30469 -4410 -32464 19731 26153 -30005 -13153 
32605 -3212 -26863 18756 14249 -29502 2010 32701 
-17754 -27535 28957 15325 -32753 805 28170 -16729 
-16381 28372 402 -32759 15680 28766 -27750 -17414 
32722 1608 -29323 14610 18423 -27090 -2811 32641 
-13521 -29841 26394 19408 -32515 -4009 30319 -12414 
-20366 25662 5204 -32345 11290 30755 -24895 -21297 
32132 6392 -31150 10150 22199 -24094 -7570 31875 
-8996 -31502 23260 23071 -31575 -8738 31812 -7830 
-23912 22396 9894 -31232 6655 32079 -21500 -24720 
30847 11037 -32302 5469 25494 -20576 -12165 30419 
-4277 -32482 19625 26235 -29952 -13276 32618 -3078 
-26939 18645 14370 -29443 1876 32708 -17641 -27607 
28893 15444 -32755 670 28238 -16613 -16497 28305 
536 -32758 15562 28830 -27679 -17527 32715 1742 
-29383 14490 18534 -27015 -2944 32629 -13399 -29897 
26315 19516 -32498 -4143 30369 -12290 -20471 25578 
5337 -32324 11164 30801 -24808 -21399 32106 6523 
-31191 10022 22297 -24003 -7700 31844 -8867 -31539 
23167 23167 -31540 -8867 31845 -7701 -24004 22298 
10022 -31192 6523 32106 -21400 -24808 30802 11163 
-32324 5338 25578 -20473 -12288 30370 -4144 -32499 
19517 26314 -29897 -13398 32629 -2946 -27014 18535 
14490 -29383 1742 32716 -17528 -27679 28830 15562 
-32758 536 28305 -16497 -16612 28238 670 -32755 
15444 28893 -27608 -17640 32708 1874 -29442 14370 
18645 -26939 -3077 32617 -13277 -29951 26235 19623 
-32482 -4276 30420 -12166 -20575 25496 5468 -32303 
11038 30847 -24720 -21500 32079 6653 -31232 9895 
22396 -23912 -7830 31812 -8739 -31575 23071 23261 
-31502 -8996 31875 -7570 -24094 22199 10149 -31150 
6392 32133 -21298 -24895 30756 11289 -32347 5205 
25663 -20367 -12414 30319 -4011 -32516 19409 26395 
-29842 -13521 32642 -2812 -27091 18425 14610 -29324 
1608 32723 -17415 -27751 28767 15679 -32760 402 
28372 -16381 -16727 28170 803 -32752 15326 28956 
-27535 -17753 32700 2009 -29500 14250 18754 -26862 
-3211 32604 -13155 -30005 26155 19730 -32464 -4409 
30469 -12041 -20679 25410 5600 -32279 10911 30891 
-24631 -21602 32052 6785 -31272 9767 22494 -23820 
-7961 31780 -8608 -31610 22976 23355 -31465 -9125 
31906 -7440 -24185 22101 10276 -31109 6260 32158 
-21196 -24982 30709 11415 -32367 5073 25745 -20262 
-12537 30268 -3878 -32532 19301 26473 -29786 -13643 
32652 -2678 -27165 18313 14729 -29264 1474 32729 
-17300 -27821 28701 15797 -32760 268 28439 -16264 
-16843 28100 938 -32748 15207 29018 -27461 -17866 
32692 2143 -29559 14129 18864 -26786 -3345 32591 
-13031 -30059 26073 19838 -32446 -4542 30518 -11916 
-20784 25325 5732 -32257 10785 30936 -24543 -21702 
32024 6916 -31312 9639 22590 -23728 -8090 31747 
-8479 -31645 22880 23448 -31428 -9253 31936 -7309 
-24275 22002 10403 -31065 6129 32183 -21093 -25068 
30662 11539 -32387 4941 25827 -20157 -12660 30217 
-3745 -32547 19192 26551 -29730 -13763 32662 -2545 
-27240 18202 14849 -29204 1341 32735 -17187 -27892 
28637 15914 -32761 134 28505 -16149 -16957 28032 
1071 -32744 15089 29080 -27389 -17977 32683 2275 
-29616 14008 18973 -26708 -3476 32576 -12909 -30111 
25992 19944 -32427 -4673 30567 -11792 -20887 25241 
5864 -32233 10659 30980 -24455 -21801 31995 7047 
-31350 9510 22686 -23635 -8219 31713 -8350 -31679 
22784 23541 -31389 -9381 31964 -7179 -24364 21902 
10530 -31023 5998 32208 -20991 -25154 30615 11665 
-32407 4808 25909 -20050 -12784 30164 -3612 -32562 
19084 26629 -29674 -13885 32673 -2412 -27314 18091 
14968 -29143 1207 32739 -17073 -27961 28572 16030 
-32762 0 28572 -16032 -17072 27963 1206 -32740 
14969 29142 -27315 -18090 32673 2410 -29673 13886 
19083 -26630 -3610 32562 -12785 -30164 25910 20050 
-32407 -4807 30614 -11666 -20990 25154 5996 -32208 
10530 31023 -24365 -21902 31966 7178 -31390 9381 
22784 -23542 -8350 31679 -8220 -31713 22687 23635 
-31351 -9509 31994 -7049 -24453 21803 10657 -30980 
5866 32232 -20888 -25239 30566 11790 -32426 4675 
25991 -19945 -12907 30113 -3479 -32577 18975 26708 
-29617 -14007 32682 -2277 -27388 17979 15087 -29081 
1072 32744 -16958 -28031 28506 16148 -32761 -134 
28637 -15914 -17186 27892 1339 -32734 14850 29203 
-27240 -18202 32663 2544 -29730 13765 19192 -26552 
-3745 32547 -12661 -30216 25828 20156 -32387 -4940 
30662 -11540 -21093 25069 6128 -32184 10404 31066 
-24275 -22002 31936 7309 -31428 9254 22880 -23449 
-8478 31646 -8092 -31747 22592 23727 -31313 -9638 
32024 -6918 -24542 21703 10783 -30937 5734 32256 
-20785 -25324 30519 11914 -32445 4544 26072 -19839 
-13030 30059 -3346 -32590 18866 26784 -29559 -14127 
32692 -2143 -27462 17867 15206 -29019 938 32749 
-16843 -28101 28440 16265 -32761 -268 28702 -15797 
-17300 27822 1472 -32729 14732 29264 -27167 -18312 
32653 2676 -29786 13644 19299 -26474 -3876 32532 
-12538 -30268 25746 20261 -32368 -5071 30709 -11416 
-21195 24983 6259 -32159 10278 31108 -24185 -22100 
31906 7439 -31465 9126 22975 -23356 -8608 31611 
-7961 -31780 22494 23819 -31272 -9765 32051 -6786 
-24631 21602 10910 -30892 5602 32280 -20681 -25410 
30469 12040 -32464 4410 26153 -19731 -13153 30005 
-3212 -32605 18756 26863 -29502 -14249 32701 -2010 
-27535 17754 15325 -28957 805 32753 -16729 -28170 
28372 16381 -32759 -402 28766 -15680 -17414 27750 
1608 -32722 14610 29323 -27090 -18423 32641 2811 
-29841 13521 19408 -26394 -4009 32515 -12414 -30319 
25662 20366 -32345 -5204 30755 -11290 -21297 24895 
6392 -32132 10150 31150 -24094 -22199 31875 7570 
-31502 8996 23071 -23260 -8738 31575 -7830 -31812 
22396 23912 -31232 -9894 32079 -6655 -24720 21500 
11037 -30847 5469 32302 -20576 -25494 30419 12165 
-32482 4277 26235 -19625 -13276 29952 -3078 -32618 
18645 26939 -29443 -14370 32708 -1876 -27607 17641 
15444 -28893 670 32755 -16613 -28238 28305 16497 
-32758 -536 28830 -15562 -17527 27679 1742 -32715 
14490 29383 -27015 -18534 32629 2944 -29897 13399 
19516 -26315 -4143 32498 -12290 -30369 25578 20471 
-32324 -5337 30801 -11164 -21399 24808 6523 -32106 
10022 31191 -24003 -22297 31844 7700 -31539 8867 
23167 -23167 -8867 31540 -7701 -31845 22298 24004 
-31192 -10022 32106 -6523 -24808 21400 11163 -30802 
5338 32324 -20473 -25578 30370 12288 -32499 4144 
26314 -19517 -13398 29897 -2946 -32629 18535 27014 
-29383 -14490 32716 -1742 -27679 17528 15562 -28830 
536 32758 -16497 -28305 28238 16612 -32755 -670 
28893 -15444 -17640 27608 1874 -32708 14370 29442 
-26939 -18645 32617 3077 -29951 13277 19623 -26235 
-4276 32482 -12166 -30420 25496 20575 -32303 -5468 
30847 -11038 -21500 24720 6653 -32079 9895 31232 
-23912 -22396 31812 7830 -31575 8739 23261 -23071 
-8996 31502 -7570 -31875 22199 24094 -31150 -10149 
32133 -6392 -24895 21298 11289 -30756 5205 32347 
-20367 -25663 30319 12414 -32516 4011 26395 -19409 
-13521 29842 -2812 -32642 18425 27091 -29324 -14610 
32723 -1608 -27751 17415 15679 -28767 402 32760 
